Frequency (Hz)	Level (dB)
46.875000	-34.817707
93.750000	-31.075596
140.625000	-30.226084
187.500000	-35.938187
234.375000	-35.573883
281.250000	-33.290184
328.125000	-32.830166
375.000000	-34.770241
421.875000	-33.666950
468.750000	-34.031414
515.625000	-39.983044
562.500000	-48.247467
609.375000	-51.997669
656.250000	-58.778614
703.125000	-64.919228
750.000000	-67.596428
796.875000	-63.212986
843.750000	-59.328842
890.625000	-60.583755
937.500000	-60.909527
984.375000	-62.384842
1031.250000	-61.370346
1078.125000	-59.478355
1125.000000	-62.230293
1171.875000	-65.363800
1218.750000	-64.253075
1265.625000	-64.921257
1312.500000	-63.601227
1359.375000	-61.757725
1406.250000	-59.545296
1453.125000	-57.772694
1500.000000	-58.391266
1546.875000	-60.347458
1593.750000	-65.001564
1640.625000	-68.009964
1687.500000	-70.314163
1734.375000	-68.788857
1781.250000	-64.770721
1828.125000	-64.084267
1875.000000	-61.557301
1921.875000	-59.526630
1968.750000	-64.364891
2015.625000	-67.656334
2062.500000	-58.713463
2109.375000	-53.112408
2156.250000	-51.319458
2203.125000	-53.833015
2250.000000	-63.980366
2296.875000	-72.095039
2343.750000	-73.979546
2390.625000	-73.885384
2437.500000	-74.613510
2484.375000	-72.807327
2531.250000	-71.059799
2578.125000	-72.186516
2625.000000	-70.404030
2671.875000	-71.998398
2718.750000	-74.597527
2765.625000	-73.123543
2812.500000	-75.419647
2859.375000	-72.522751
2906.250000	-71.101570
2953.125000	-72.369751
3000.000000	-75.745369
3046.875000	-76.896698
3093.750000	-75.692726
3140.625000	-75.827515
3187.500000	-77.090706
3234.375000	-76.109161
3281.250000	-75.883553
3328.125000	-75.269669
3375.000000	-75.556450
3421.875000	-77.597801
3468.750000	-76.634911
3515.625000	-76.877480
3562.500000	-76.602203
3609.375000	-75.841309
3656.250000	-77.224152
3703.125000	-78.447716
3750.000000	-77.281128
3796.875000	-76.304634
3843.750000	-76.642410
3890.625000	-77.528709
3937.500000	-77.738121
3984.375000	-77.616516
4031.250000	-76.432503
4078.125000	-75.923996
4125.000000	-77.736366
4171.875000	-78.386314
4218.750000	-78.378357
4265.625000	-78.148392
4312.500000	-76.610077
4359.375000	-77.497162
4406.250000	-78.519508
4453.125000	-78.672661
4500.000000	-78.365288
4546.875000	-77.867599
4593.750000	-77.952217
4640.625000	-78.546165
4687.500000	-78.586983
4734.375000	-78.423279
4781.250000	-78.348869
4828.125000	-78.489754
4875.000000	-78.527550
4921.875000	-78.902321
4968.750000	-78.756363
5015.625000	-77.262993
5062.500000	-76.790886
5109.375000	-78.214890
5156.250000	-78.588715
5203.125000	-78.964546
5250.000000	-79.290031
5296.875000	-79.472511
5343.750000	-79.036827
5390.625000	-79.040962
5437.500000	-79.025818
5484.375000	-79.154984
5531.250000	-79.458488
5578.125000	-79.052055
5625.000000	-79.261032
5671.875000	-79.264275
5718.750000	-79.405830
5765.625000	-79.170799
5812.500000	-79.105141
5859.375000	-78.806671
5906.250000	-78.994278
5953.125000	-79.477470
6000.000000	-79.913475
6046.875000	-80.152908
6093.750000	-79.988731
6140.625000	-80.054031
6187.500000	-79.764214
6234.375000	-79.912865
6281.250000	-79.822197
6328.125000	-79.789932
6375.000000	-80.002213
6421.875000	-79.901802
6468.750000	-79.860291
6515.625000	-79.981041
6562.500000	-79.398438
6609.375000	-78.817947
6656.250000	-79.910141
6703.125000	-79.812737
6750.000000	-79.825485
6796.875000	-80.067688
6843.750000	-79.936493
6890.625000	-80.114960
6937.500000	-80.278427
6984.375000	-80.071198
7031.250000	-79.863670
7078.125000	-79.990791
7125.000000	-80.041321
7171.875000	-80.145203
7218.750000	-80.010323
7265.625000	-79.997116
7312.500000	-79.908264
7359.375000	-80.276505
7406.250000	-80.219841
7453.125000	-79.906403
7500.000000	-80.314430
7546.875000	-80.498726
7593.750000	-80.641151
7640.625000	-80.504494
7687.500000	-80.554871
7734.375000	-80.422295
7781.250000	-80.345512
7828.125000	-80.596619
7875.000000	-80.276451
7921.875000	-79.924866
7968.750000	-80.308372
8015.625000	-80.436691
8062.500000	-80.788551
8109.375000	-80.649879
8156.250000	-80.242004
8203.125000	-80.639671
8250.000000	-80.845757
8296.875000	-80.968620
8343.750000	-80.775009
8390.625000	-80.318497
8437.500000	-80.586136
8484.375000	-80.721306
8531.250000	-80.829300
8578.125000	-80.778549
8625.000000	-80.058517
8671.875000	-80.223274
8718.750000	-80.428001
8765.625000	-80.635132
8812.500000	-80.817543
8859.375000	-80.430405
8906.250000	-80.338181
8953.125000	-80.842453
9000.000000	-81.098221
9046.875000	-80.904495
9093.750000	-80.302277
9140.625000	-80.101440
9187.500000	-80.706871
9234.375000	-80.761360
9281.250000	-80.994972
9328.125000	-80.547478
9375.000000	-80.274727
9421.875000	-80.805466
9468.750000	-80.808998
9515.625000	-80.704170
9562.500000	-80.583221
9609.375000	-80.247459
9656.250000	-80.593178
9703.125000	-80.818626
9750.000000	-80.918724
9796.875000	-80.933563
9843.750000	-80.587608
9890.625000	-81.108665
9937.500000	-80.980858
9984.375000	-80.940361
10031.250000	-80.941345
10078.125000	-80.594063
10125.000000	-80.811897
10171.875000	-80.784225
10218.750000	-81.013657
10265.625000	-80.782204
10312.500000	-80.550545
10359.375000	-80.719040
10406.250000	-80.909454
10453.125000	-81.055382
10500.000000	-81.173859
10546.875000	-81.018417
10593.750000	-80.948380
10640.625000	-80.739120
10687.500000	-80.583649
10734.375000	-80.869392
10781.250000	-80.918488
10828.125000	-81.279022
10875.000000	-81.100800
10921.875000	-80.919319
10968.750000	-81.022179
11015.625000	-80.821472
11062.500000	-80.969650
11109.375000	-81.152351
11156.250000	-80.836670
11203.125000	-80.964554
11250.000000	-80.983345
11296.875000	-81.004021
11343.750000	-80.619667
11390.625000	-79.840027
11437.500000	-80.317001
11484.375000	-80.880569
11531.250000	-80.629326
11578.125000	-80.839760
11625.000000	-81.001228
11671.875000	-80.549637
11718.750000	-79.793205
11765.625000	-80.227333
11812.500000	-80.685150
11859.375000	-78.752380
11906.250000	-78.953140
11953.125000	-80.239227
12000.000000	-80.553383
12046.875000	-80.218399
12093.750000	-79.330086
12140.625000	-80.606880
12187.500000	-81.114449
12234.375000	-80.971329
12281.250000	-80.960762
12328.125000	-81.180656
12375.000000	-81.150452
12421.875000	-81.278122
12468.750000	-81.122131
12515.625000	-81.010277
12562.500000	-80.625015
12609.375000	-80.546501
12656.250000	-80.816154
12703.125000	-80.654404
12750.000000	-80.797539
12796.875000	-81.067192
12843.750000	-81.030029
12890.625000	-81.498116
12937.500000	-81.513168
12984.375000	-81.271782
13031.250000	-81.101830
13078.125000	-81.240837
13125.000000	-81.343300
13171.875000	-81.280525
13218.750000	-81.132256
13265.625000	-81.327751
13312.500000	-80.821083
13359.375000	-81.008888
13406.250000	-81.250336
13453.125000	-81.058189
13500.000000	-81.311409
13546.875000	-81.274849
13593.750000	-80.954277
13640.625000	-81.039650
13687.500000	-81.292137
13734.375000	-81.118881
13781.250000	-81.276581
13828.125000	-81.361267
13875.000000	-81.469955
13921.875000	-81.610443
13968.750000	-81.458977
14015.625000	-81.316040
14062.500000	-81.003365
14109.375000	-81.290756
14156.250000	-81.263321
14203.125000	-81.169281
14250.000000	-81.140175
14296.875000	-81.335777
14343.750000	-81.535797
14390.625000	-81.482307
14437.500000	-81.286713
14484.375000	-81.236893
14531.250000	-81.351601
14578.125000	-81.438507
14625.000000	-81.274681
14671.875000	-81.396164
14718.750000	-81.478333
14765.625000	-81.263710
14812.500000	-81.096771
14859.375000	-81.182716
14906.250000	-81.247734
14953.125000	-81.478035
15000.000000	-81.870537
15046.875000	-81.623146
15093.750000	-81.272964
15140.625000	-81.212845
15187.500000	-81.028526
15234.375000	-81.203484
15281.250000	-81.237564
15328.125000	-81.184631
15375.000000	-81.261726
15421.875000	-81.266159
15468.750000	-81.459846
15515.625000	-81.438995
15562.500000	-81.201553
15609.375000	-81.132576
15656.250000	-81.253738
15703.125000	-81.688507
15750.000000	-81.551750
15796.875000	-81.156441
15843.750000	-81.122772
15890.625000	-81.408485
15937.500000	-81.721893
15984.375000	-81.689339
16031.250000	-81.459099
16078.125000	-81.671364
16125.000000	-81.753784
16171.875000	-81.407623
16218.750000	-81.391266
16265.625000	-81.398636
16312.500000	-81.645096
16359.375000	-81.772224
16406.250000	-81.516296
16453.125000	-81.564018
16500.000000	-81.494225
16546.875000	-81.337311
16593.750000	-81.388184
16640.625000	-81.781395
16687.500000	-81.626274
16734.375000	-81.350197
16781.250000	-81.417496
16828.125000	-81.420410
16875.000000	-81.318291
16921.875000	-81.427727
16968.750000	-81.453239
17015.625000	-81.488785
17062.500000	-81.472977
17109.375000	-81.438232
17156.250000	-81.537346
17203.125000	-81.469429
17250.000000	-81.793884
17296.875000	-81.829811
17343.750000	-81.716164
17390.625000	-81.551788
17437.500000	-81.550941
17484.375000	-81.643005
17531.250000	-81.524406
17578.125000	-81.598457
17625.000000	-81.525558
17671.875000	-81.186134
17718.750000	-81.277519
17765.625000	-81.212059
17812.500000	-81.370956
17859.375000	-81.452682
17906.250000	-81.553169
17953.125000	-81.582031
18000.000000	-81.614037
18046.875000	-81.507378
18093.750000	-81.346962
18140.625000	-81.577339
18187.500000	-81.446495
18234.375000	-81.347443
18281.250000	-81.419106
18328.125000	-81.378700
18375.000000	-81.528229
18421.875000	-81.354240
18468.750000	-81.483307
18515.625000	-81.428902
18562.500000	-81.560974
18609.375000	-81.582291
18656.250000	-81.645088
18703.125000	-81.578934
18750.000000	-81.638512
18796.875000	-81.463593
18843.750000	-81.249039
18890.625000	-81.413719
18937.500000	-81.501152
18984.375000	-81.828758
19031.250000	-81.759964
19078.125000	-81.598213
19125.000000	-81.831406
19171.875000	-81.583176
19218.750000	-81.555458
19265.625000	-81.805969
19312.500000	-81.701736
19359.375000	-81.696526
19406.250000	-81.785271
19453.125000	-81.714935
19500.000000	-81.632629
19546.875000	-81.785500
19593.750000	-81.506302
19640.625000	-81.705536
19687.500000	-81.804535
19734.375000	-81.565292
19781.250000	-81.517159
19828.125000	-81.536095
19875.000000	-81.767570
19921.875000	-81.884422
19968.750000	-81.719696
20015.625000	-81.749008
20062.500000	-81.582138
20109.375000	-81.471794
20156.250000	-81.709442
20203.125000	-81.653893
20250.000000	-81.818298
20296.875000	-81.902740
20343.750000	-81.870842
20390.625000	-81.527618
20437.500000	-81.465233
20484.375000	-81.356384
20531.250000	-81.674004
20578.125000	-81.641800
20625.000000	-81.544006
20671.875000	-81.523552
20718.750000	-81.674324
20765.625000	-81.488419
20812.500000	-81.351768
20859.375000	-81.689232
20906.250000	-81.626984
20953.125000	-81.435623
21000.000000	-81.475456
21046.875000	-81.509697
21093.750000	-81.713982
21140.625000	-81.718018
21187.500000	-81.660004
21234.375000	-81.641838
21281.250000	-81.743706
21328.125000	-81.849815
21375.000000	-81.884613
21421.875000	-81.824516
21468.750000	-81.458992
21515.625000	-81.426689
21562.500000	-81.411354
21609.375000	-81.462532
21656.250000	-81.669067
21703.125000	-81.447495
21750.000000	-81.489204
21796.875000	-81.413689
21843.750000	-81.825905
21890.625000	-81.786697
21937.500000	-81.437592
21984.375000	-81.430473
22031.250000	-81.481339
22078.125000	-81.673462
22125.000000	-81.482933
22171.875000	-81.302422
22218.750000	-81.579147
22265.625000	-81.340820
22312.500000	-81.298058
22359.375000	-81.354645
22406.250000	-81.508583
22453.125000	-81.725365
22500.000000	-81.624794
22546.875000	-81.603088
22593.750000	-81.603874
22640.625000	-81.379341
22687.500000	-80.902519
22734.375000	-79.972038
22781.250000	-79.179733
22828.125000	-78.605843
22875.000000	-75.327225
22921.875000	-75.380310
22968.750000	-76.780403
23015.625000	-76.037926
23062.500000	-77.506905
23109.375000	-78.537186
23156.250000	-78.973564
23203.125000	-79.630325
23250.000000	-79.587257
23296.875000	-79.900681
23343.750000	-79.955467
23390.625000	-79.883743
23437.500000	-78.879639
23484.375000	-79.594276
23531.250000	-78.509361
23578.125000	-78.575462
23625.000000	-80.140274
23671.875000	-78.192581
23718.750000	-79.654533
23765.625000	-79.634216
23812.500000	-79.016144
23859.375000	-80.314133
23906.250000	-79.879837
23953.125000	-79.926529
