Frequency (Hz)	Level (dB)
46.875000	-31.311274
93.750000	-27.122217
140.625000	-23.777510
187.500000	-20.480810
234.375000	-20.856009
281.250000	-23.687731
328.125000	-26.686857
375.000000	-25.260208
421.875000	-23.377905
468.750000	-24.381132
515.625000	-30.780495
562.500000	-37.888794
609.375000	-42.508606
656.250000	-47.585018
703.125000	-52.312420
750.000000	-54.513916
796.875000	-53.342121
843.750000	-49.170055
890.625000	-44.902649
937.500000	-44.049492
984.375000	-46.592438
1031.250000	-46.958794
1078.125000	-44.950809
1125.000000	-43.768230
1171.875000	-46.479362
1218.750000	-47.547325
1265.625000	-45.993126
1312.500000	-46.195816
1359.375000	-46.194374
1406.250000	-42.379478
1453.125000	-38.468334
1500.000000	-37.815620
1546.875000	-39.140961
1593.750000	-45.716541
1640.625000	-50.726582
1687.500000	-53.378220
1734.375000	-50.689514
1781.250000	-47.490078
1828.125000	-46.243168
1875.000000	-41.747189
1921.875000	-39.373852
1968.750000	-43.283569
2015.625000	-45.207958
2062.500000	-38.365128
2109.375000	-33.361923
2156.250000	-32.129780
2203.125000	-35.151199
2250.000000	-45.428642
2296.875000	-52.743893
2343.750000	-54.751194
2390.625000	-56.312248
2437.500000	-58.364498
2484.375000	-58.287483
2531.250000	-56.824890
2578.125000	-55.092712
2625.000000	-52.941502
2671.875000	-54.776268
2718.750000	-62.388046
2765.625000	-68.126404
2812.500000	-66.790756
2859.375000	-60.182774
2906.250000	-53.764496
2953.125000	-53.977184
3000.000000	-61.929024
3046.875000	-65.394615
3093.750000	-66.095322
3140.625000	-67.548622
3187.500000	-65.348373
3234.375000	-63.273388
3281.250000	-61.747978
3328.125000	-62.657936
3375.000000	-65.426208
3421.875000	-68.765465
3468.750000	-70.109436
3515.625000	-69.518890
3562.500000	-69.950729
3609.375000	-68.469788
3656.250000	-67.196838
3703.125000	-66.063820
3750.000000	-61.127781
3796.875000	-60.555706
3843.750000	-64.253288
3890.625000	-63.869946
3937.500000	-62.730293
3984.375000	-63.325790
4031.250000	-62.220333
4078.125000	-65.790298
4125.000000	-69.421165
4171.875000	-69.482994
4218.750000	-69.438980
4265.625000	-68.701080
4312.500000	-68.169670
4359.375000	-69.292351
4406.250000	-68.698944
4453.125000	-67.549820
4500.000000	-64.993721
4546.875000	-59.446667
4593.750000	-59.527542
4640.625000	-66.803299
4687.500000	-70.499863
4734.375000	-69.256874
4781.250000	-68.035156
4828.125000	-67.654083
4875.000000	-69.185120
4921.875000	-71.151115
4968.750000	-72.948097
5015.625000	-68.163879
5062.500000	-65.964157
5109.375000	-68.687767
5156.250000	-71.043495
5203.125000	-72.063438
5250.000000	-71.273499
5296.875000	-70.850952
5343.750000	-68.772552
5390.625000	-68.814072
5437.500000	-70.371597
5484.375000	-71.498337
5531.250000	-72.285698
5578.125000	-72.302368
5625.000000	-71.495209
5671.875000	-71.051506
5718.750000	-71.446548
5765.625000	-72.086166
5812.500000	-72.368851
5859.375000	-72.361473
5906.250000	-72.299706
5953.125000	-72.277725
6000.000000	-72.625542
6046.875000	-72.885056
6093.750000	-72.720497
6140.625000	-72.549301
6187.500000	-72.746452
6234.375000	-72.800446
6281.250000	-72.584648
6328.125000	-72.617363
6375.000000	-72.708702
6421.875000	-72.864769
6468.750000	-73.023224
6515.625000	-73.060600
6562.500000	-72.837868
6609.375000	-72.231133
6656.250000	-72.823997
6703.125000	-73.447731
6750.000000	-73.035706
6796.875000	-72.442307
6843.750000	-72.440727
6890.625000	-71.981270
6937.500000	-71.179436
6984.375000	-71.955353
7031.250000	-72.661354
7078.125000	-70.954674
7125.000000	-70.408249
7171.875000	-72.954033
7218.750000	-73.628235
7265.625000	-73.157677
7312.500000	-73.258980
7359.375000	-73.873566
7406.250000	-74.216698
7453.125000	-74.307686
7500.000000	-74.240074
7546.875000	-74.322838
7593.750000	-74.385666
7640.625000	-74.168625
7687.500000	-74.032257
7734.375000	-73.942535
7781.250000	-74.094337
7828.125000	-74.188835
7875.000000	-74.274971
7921.875000	-74.392014
7968.750000	-74.349335
8015.625000	-74.191689
8062.500000	-74.256149
8109.375000	-74.597031
8156.250000	-74.753937
8203.125000	-74.652596
8250.000000	-74.940392
8296.875000	-75.205605
8343.750000	-75.022659
8390.625000	-74.843391
8437.500000	-74.931999
8484.375000	-74.772797
8531.250000	-74.657249
8578.125000	-74.701302
8625.000000	-74.972092
8671.875000	-75.072449
8718.750000	-75.103455
8765.625000	-75.168106
8812.500000	-75.248520
8859.375000	-75.178604
8906.250000	-75.000687
8953.125000	-75.007751
9000.000000	-75.012665
9046.875000	-74.707657
9093.750000	-74.324577
9140.625000	-74.428757
9187.500000	-74.590973
9234.375000	-74.615807
9281.250000	-74.975044
9328.125000	-75.010941
9375.000000	-75.168869
9421.875000	-75.609627
9468.750000	-75.579514
9515.625000	-75.330681
9562.500000	-75.511276
9609.375000	-75.629059
9656.250000	-75.325127
9703.125000	-75.501968
9750.000000	-75.450027
9796.875000	-74.875252
9843.750000	-75.008133
9890.625000	-75.074776
9937.500000	-74.972404
9984.375000	-75.255493
10031.250000	-75.023949
10078.125000	-75.303009
10125.000000	-75.651024
10171.875000	-75.224258
10218.750000	-75.373985
10265.625000	-75.572250
10312.500000	-74.812340
10359.375000	-75.142502
10406.250000	-75.133911
10453.125000	-75.215309
10500.000000	-75.306435
10546.875000	-74.893082
10593.750000	-75.841209
10640.625000	-75.599472
10687.500000	-75.616600
10734.375000	-75.794334
10781.250000	-75.270752
10828.125000	-76.161461
10875.000000	-75.868393
10921.875000	-76.605125
10968.750000	-76.692055
11015.625000	-75.613647
11062.500000	-75.814514
11109.375000	-75.578987
11156.250000	-75.525391
11203.125000	-73.797340
11250.000000	-74.154610
11296.875000	-72.894814
11343.750000	-71.204483
11390.625000	-70.041176
11437.500000	-70.576645
11484.375000	-74.020859
11531.250000	-73.422867
11578.125000	-73.881851
11625.000000	-74.493225
11671.875000	-74.554352
11718.750000	-74.174789
11765.625000	-74.663895
11812.500000	-73.929565
11859.375000	-71.535995
11906.250000	-72.161751
11953.125000	-71.366310
12000.000000	-72.610725
12046.875000	-73.005341
12093.750000	-75.418015
12140.625000	-76.205605
12187.500000	-77.133865
12234.375000	-76.365463
12281.250000	-77.108170
12328.125000	-76.719482
12375.000000	-77.320732
12421.875000	-76.920410
12468.750000	-77.380539
12515.625000	-77.143509
12562.500000	-76.810944
12609.375000	-76.056648
12656.250000	-73.369713
12703.125000	-68.100746
12750.000000	-66.141159
12796.875000	-68.063988
12843.750000	-72.402771
12890.625000	-74.043510
12937.500000	-73.700752
12984.375000	-73.558670
13031.250000	-73.290443
13078.125000	-74.255150
13125.000000	-74.622597
13171.875000	-74.674385
13218.750000	-75.573357
13265.625000	-75.745132
13312.500000	-76.467850
13359.375000	-76.332970
13406.250000	-77.816032
13453.125000	-76.208961
13500.000000	-77.090355
13546.875000	-76.448235
13593.750000	-77.932304
13640.625000	-76.443558
13687.500000	-77.691490
13734.375000	-77.425812
13781.250000	-78.071426
13828.125000	-77.663277
13875.000000	-77.549225
13921.875000	-78.043877
13968.750000	-77.152237
14015.625000	-78.440918
14062.500000	-76.912102
14109.375000	-78.649292
14156.250000	-77.222122
14203.125000	-78.642326
14250.000000	-77.566628
14296.875000	-78.192619
14343.750000	-78.395287
14390.625000	-77.943123
14437.500000	-79.116150
14484.375000	-77.590218
14531.250000	-79.056343
14578.125000	-77.553825
14625.000000	-78.823265
14671.875000	-77.780922
14718.750000	-77.927132
14765.625000	-78.671303
14812.500000	-77.396431
14859.375000	-79.109665
14906.250000	-77.413536
14953.125000	-79.027649
15000.000000	-78.240120
15046.875000	-78.308472
15093.750000	-78.991013
15140.625000	-77.573349
15187.500000	-79.326218
15234.375000	-77.588890
15281.250000	-78.823830
15328.125000	-78.710175
15375.000000	-78.146271
15421.875000	-79.574646
15468.750000	-77.853882
15515.625000	-79.571289
15562.500000	-78.568497
15609.375000	-78.409409
15656.250000	-79.356422
15703.125000	-77.654182
15750.000000	-79.583496
15796.875000	-78.167870
15843.750000	-78.333679
15890.625000	-79.133133
15937.500000	-77.622726
15984.375000	-79.582581
16031.250000	-78.350426
16078.125000	-78.600380
16125.000000	-79.643784
16171.875000	-77.987610
16218.750000	-79.816757
16265.625000	-78.682770
16312.500000	-78.529579
16359.375000	-79.882500
16406.250000	-78.050781
16453.125000	-79.695648
16500.000000	-79.137253
16546.875000	-78.221832
16593.750000	-80.020821
16640.625000	-78.222878
16687.500000	-79.120888
16734.375000	-79.702408
16781.250000	-78.022652
16828.125000	-79.753014
16875.000000	-78.605850
16921.875000	-78.458710
16968.750000	-80.334503
17015.625000	-78.421852
17062.500000	-79.359512
17109.375000	-79.748245
17156.250000	-78.211433
17203.125000	-80.146027
17250.000000	-79.261810
17296.875000	-78.605598
17343.750000	-80.350510
17390.625000	-78.537621
17437.500000	-79.105492
17484.375000	-80.241829
17531.250000	-78.399216
17578.125000	-79.868378
17625.000000	-79.852333
17671.875000	-78.348007
17718.750000	-80.169212
17765.625000	-79.097198
17812.500000	-78.562408
17859.375000	-80.561165
17906.250000	-79.075157
17953.125000	-79.147751
18000.000000	-80.495552
18046.875000	-78.485374
18093.750000	-79.339554
18140.625000	-80.379135
18187.500000	-78.562447
18234.375000	-79.889626
18281.250000	-80.177261
18328.125000	-78.337608
18375.000000	-79.980438
18421.875000	-80.104393
18468.750000	-78.565910
18515.625000	-79.884895
18562.500000	-79.335777
18609.375000	-78.527206
18656.250000	-80.439445
18703.125000	-79.431557
18750.000000	-78.350227
18796.875000	-80.247688
18843.750000	-79.335098
18890.625000	-78.527229
18937.500000	-80.214790
18984.375000	-79.023109
19031.250000	-78.400558
19078.125000	-80.371490
19125.000000	-79.519958
19171.875000	-78.906921
19218.750000	-80.803970
19265.625000	-80.075279
19312.500000	-79.054810
19359.375000	-80.331940
19406.250000	-78.995186
19453.125000	-78.208115
19500.000000	-80.104347
19546.875000	-79.886513
19593.750000	-78.881798
19640.625000	-80.870499
19687.500000	-80.416695
19734.375000	-78.777794
19781.250000	-80.295296
19828.125000	-80.228661
19875.000000	-78.578003
19921.875000	-80.093422
19968.750000	-82.052635
20015.625000	-82.529228
20062.500000	-83.642639
20109.375000	-84.683060
20156.250000	-83.776588
20203.125000	-83.464867
20250.000000	-83.872078
20296.875000	-83.486557
20343.750000	-82.960365
20390.625000	-83.547218
20437.500000	-83.455025
20484.375000	-82.875610
20531.250000	-83.794769
20578.125000	-84.202827
20625.000000	-83.050331
20671.875000	-83.830765
20718.750000	-84.206001
20765.625000	-83.199570
20812.500000	-83.712547
20859.375000	-85.067932
20906.250000	-84.643486
20953.125000	-84.440483
21000.000000	-85.625427
21046.875000	-85.191658
21093.750000	-84.155487
21140.625000	-85.404350
21187.500000	-85.555214
21234.375000	-84.157654
21281.250000	-84.570251
21328.125000	-85.459854
21375.000000	-84.333305
21421.875000	-84.039589
21468.750000	-85.466881
21515.625000	-85.170502
21562.500000	-84.087578
21609.375000	-84.714981
21656.250000	-85.377594
21703.125000	-84.237579
21750.000000	-84.462288
21796.875000	-85.521736
21843.750000	-84.600761
21890.625000	-83.874649
21937.500000	-85.161484
21984.375000	-85.399666
22031.250000	-83.997513
22078.125000	-84.489761
22125.000000	-85.614166
22171.875000	-84.687004
22218.750000	-84.207275
22265.625000	-85.515694
22312.500000	-85.395996
22359.375000	-84.194855
22406.250000	-84.547493
22453.125000	-85.439323
22500.000000	-84.590279
22546.875000	-83.851738
22593.750000	-84.907104
22640.625000	-84.945160
22687.500000	-83.723839
22734.375000	-84.081261
22781.250000	-84.958389
22828.125000	-84.244797
22875.000000	-83.329010
22921.875000	-83.839249
22968.750000	-83.712204
23015.625000	-82.570450
23062.500000	-81.324684
23109.375000	-81.761482
23156.250000	-77.985657
23203.125000	-76.425888
23250.000000	-79.403000
23296.875000	-79.368095
23343.750000	-80.918274
23390.625000	-82.126839
23437.500000	-82.878090
23484.375000	-84.388298
23531.250000	-83.920837
23578.125000	-84.097916
23625.000000	-85.374557
23671.875000	-84.894295
23718.750000	-84.186218
23765.625000	-84.545883
23812.500000	-85.565697
23859.375000	-85.310333
23906.250000	-84.313110
23953.125000	-83.822563
