Frequency (Hz)	Level (dB)
46.875000	-31.116493
93.750000	-24.494509
140.625000	-25.519537
187.500000	-32.224590
234.375000	-31.999857
281.250000	-29.072620
328.125000	-28.846666
375.000000	-28.704147
421.875000	-28.221382
468.750000	-34.101795
515.625000	-38.440434
562.500000	-41.981365
609.375000	-45.308811
656.250000	-53.211273
703.125000	-55.870907
750.000000	-56.519669
796.875000	-56.142548
843.750000	-54.158691
890.625000	-55.823769
937.500000	-57.521843
984.375000	-58.089436
1031.250000	-58.381306
1078.125000	-57.971069
1125.000000	-57.774609
1171.875000	-52.448734
1218.750000	-48.552765
1265.625000	-51.227001
1312.500000	-59.082436
1359.375000	-62.728111
1406.250000	-59.686615
1453.125000	-54.671227
1500.000000	-49.955112
1546.875000	-50.373753
1593.750000	-54.524395
1640.625000	-57.686016
1687.500000	-55.568062
1734.375000	-51.118568
1781.250000	-47.212055
1828.125000	-45.706070
1875.000000	-41.748508
1921.875000	-39.636894
1968.750000	-44.794170
2015.625000	-51.617622
2062.500000	-41.775501
2109.375000	-36.177517
2156.250000	-33.058079
2203.125000	-35.733265
2250.000000	-45.134022
2296.875000	-56.462856
2343.750000	-62.735081
2390.625000	-64.672501
2437.500000	-60.905636
2484.375000	-58.649590
2531.250000	-56.943424
2578.125000	-56.354721
2625.000000	-57.236050
2671.875000	-59.303440
2718.750000	-58.994537
2765.625000	-62.609379
2812.500000	-66.182747
2859.375000	-62.386772
2906.250000	-57.097660
2953.125000	-58.372948
3000.000000	-63.566517
3046.875000	-63.105484
3093.750000	-63.823582
3140.625000	-65.638901
3187.500000	-64.137131
3234.375000	-62.067936
3281.250000	-60.704498
3328.125000	-61.274185
3375.000000	-64.166092
3421.875000	-67.562241
3468.750000	-68.176514
3515.625000	-68.169296
3562.500000	-68.976860
3609.375000	-68.363594
3656.250000	-66.669838
3703.125000	-67.224976
3750.000000	-64.534531
3796.875000	-62.111877
3843.750000	-64.041969
3890.625000	-66.353836
3937.500000	-64.342361
3984.375000	-64.533203
4031.250000	-64.499832
4078.125000	-65.881264
4125.000000	-67.193459
4171.875000	-68.750488
4218.750000	-68.064636
4265.625000	-67.858231
4312.500000	-67.469139
4359.375000	-67.276230
4406.250000	-68.218147
4453.125000	-70.641800
4500.000000	-67.132233
4546.875000	-60.653912
4593.750000	-61.384850
4640.625000	-67.595039
4687.500000	-68.673256
4734.375000	-67.819420
4781.250000	-66.382103
4828.125000	-66.326576
4875.000000	-67.732956
4921.875000	-69.565590
4968.750000	-68.479996
5015.625000	-65.882988
5062.500000	-67.766640
5109.375000	-68.872330
5156.250000	-69.323730
5203.125000	-69.814392
5250.000000	-69.105453
5296.875000	-69.052582
5343.750000	-69.530144
5390.625000	-68.775200
5437.500000	-69.131126
5484.375000	-69.479614
5531.250000	-69.955681
5578.125000	-70.308228
5625.000000	-70.239624
5671.875000	-69.777893
5718.750000	-69.539429
5765.625000	-69.946213
5812.500000	-70.429825
5859.375000	-70.207062
5906.250000	-70.195717
5953.125000	-70.446060
6000.000000	-70.734779
6046.875000	-70.819565
6093.750000	-70.485458
6140.625000	-70.389519
6187.500000	-70.684425
6234.375000	-70.778496
6281.250000	-70.707184
6328.125000	-70.653633
6375.000000	-70.817963
6421.875000	-71.139336
6468.750000	-70.899269
6515.625000	-70.960114
6562.500000	-71.092957
6609.375000	-70.777176
6656.250000	-71.244896
6703.125000	-71.554947
6750.000000	-71.763657
6796.875000	-71.603600
6843.750000	-71.123619
6890.625000	-70.960709
6937.500000	-71.057297
6984.375000	-71.185173
7031.250000	-71.256271
7078.125000	-71.272064
7125.000000	-72.107254
7171.875000	-72.635086
7218.750000	-71.665222
7265.625000	-71.440132
7312.500000	-71.659775
7359.375000	-71.975449
7406.250000	-72.018570
7453.125000	-71.998726
7500.000000	-72.137428
7546.875000	-72.167717
7593.750000	-72.340736
7640.625000	-72.274094
7687.500000	-72.072731
7734.375000	-72.031166
7781.250000	-72.010452
7828.125000	-72.017754
7875.000000	-72.224213
7921.875000	-72.209152
7968.750000	-72.414627
8015.625000	-72.357956
8062.500000	-72.221519
8109.375000	-72.464722
8156.250000	-72.412880
8203.125000	-72.420540
8250.000000	-72.613953
8296.875000	-72.971077
8343.750000	-73.111626
8390.625000	-73.027092
8437.500000	-72.970634
8484.375000	-72.832642
8531.250000	-72.655678
8578.125000	-72.731285
8625.000000	-72.692909
8671.875000	-72.875702
8718.750000	-72.953285
8765.625000	-72.877533
8812.500000	-73.045471
8859.375000	-72.950394
8906.250000	-72.780426
8953.125000	-72.945312
9000.000000	-72.750610
9046.875000	-72.770607
9093.750000	-72.829903
9140.625000	-73.132957
9187.500000	-73.251663
9234.375000	-72.878120
9281.250000	-73.220383
9328.125000	-73.865799
9375.000000	-73.823807
9421.875000	-73.682297
9468.750000	-73.356606
9515.625000	-73.290359
9562.500000	-73.585373
9609.375000	-73.461769
9656.250000	-73.287903
9703.125000	-73.420639
9750.000000	-73.416298
9796.875000	-73.178535
9843.750000	-73.449455
9890.625000	-73.530388
9937.500000	-73.348061
9984.375000	-73.830437
10031.250000	-73.678902
10078.125000	-73.577873
10125.000000	-74.145813
10171.875000	-73.659172
10218.750000	-73.681549
10265.625000	-74.000008
10312.500000	-73.624695
10359.375000	-73.975929
10406.250000	-73.772232
10453.125000	-73.941086
10500.000000	-74.343307
10546.875000	-73.776581
10593.750000	-74.164001
10640.625000	-73.992966
10687.500000	-73.839668
10734.375000	-74.106857
10781.250000	-73.622894
10828.125000	-74.346504
10875.000000	-74.208687
10921.875000	-74.337433
10968.750000	-74.385574
11015.625000	-73.712883
11062.500000	-74.270546
11109.375000	-73.785088
11156.250000	-74.787643
11203.125000	-74.619926
11250.000000	-74.646355
11296.875000	-74.277016
11343.750000	-73.533501
11390.625000	-74.651138
11437.500000	-73.832970
11484.375000	-74.555305
11531.250000	-73.953560
11578.125000	-74.852272
11625.000000	-74.495735
11671.875000	-74.788605
11718.750000	-74.883041
11765.625000	-74.511581
11812.500000	-75.099747
11859.375000	-74.207603
11906.250000	-74.889816
11953.125000	-73.995819
12000.000000	-74.998009
12046.875000	-74.273041
12093.750000	-75.290344
12140.625000	-74.485100
12187.500000	-75.278542
12234.375000	-74.287819
12281.250000	-74.722595
12328.125000	-74.246651
12375.000000	-74.710304
12421.875000	-74.480011
12468.750000	-74.783485
12515.625000	-74.625847
12562.500000	-75.029266
12609.375000	-75.059914
12656.250000	-75.570763
12703.125000	-75.305450
12750.000000	-75.205704
12796.875000	-75.008690
12843.750000	-74.787086
12890.625000	-74.720963
12937.500000	-74.929886
12984.375000	-74.644997
13031.250000	-74.914459
13078.125000	-74.622261
13125.000000	-75.286400
13171.875000	-74.662125
13218.750000	-75.405937
13265.625000	-74.691956
13312.500000	-75.744987
13359.375000	-74.937691
13406.250000	-76.340355
13453.125000	-74.895622
13500.000000	-75.835243
13546.875000	-74.487747
13593.750000	-75.806152
13640.625000	-74.685387
13687.500000	-75.672432
13734.375000	-75.143364
13781.250000	-75.537964
13828.125000	-75.290146
13875.000000	-75.261307
13921.875000	-75.563873
13968.750000	-74.861763
14015.625000	-75.954391
14062.500000	-74.733658
14109.375000	-76.103218
14156.250000	-74.846390
14203.125000	-75.911163
14250.000000	-74.990669
14296.875000	-75.592438
14343.750000	-75.778076
14390.625000	-75.412964
14437.500000	-76.241508
14484.375000	-75.086075
14531.250000	-76.451820
14578.125000	-75.275017
14625.000000	-76.379425
14671.875000	-75.331779
14718.750000	-75.156647
14765.625000	-75.827484
14812.500000	-74.898239
14859.375000	-76.137932
14906.250000	-74.792542
14953.125000	-75.967728
15000.000000	-75.311485
15046.875000	-75.577477
15093.750000	-76.284348
15140.625000	-75.090240
15187.500000	-76.508850
15234.375000	-75.078773
15281.250000	-76.094002
15328.125000	-75.836632
15375.000000	-75.491432
15421.875000	-76.843903
15468.750000	-75.312416
15515.625000	-76.729424
15562.500000	-76.029411
15609.375000	-75.687889
15656.250000	-76.734077
15703.125000	-75.275192
15750.000000	-76.530373
15796.875000	-75.255211
15843.750000	-75.647781
15890.625000	-76.441994
15937.500000	-75.007088
15984.375000	-76.562996
16031.250000	-75.764130
16078.125000	-75.755928
16125.000000	-76.662514
16171.875000	-75.278015
16218.750000	-76.618927
16265.625000	-75.924583
16312.500000	-75.788277
16359.375000	-76.803375
16406.250000	-75.605270
16453.125000	-76.993629
16500.000000	-76.581345
16546.875000	-75.772690
16593.750000	-76.955605
16640.625000	-75.572594
16687.500000	-76.322472
16734.375000	-76.785637
16781.250000	-75.366699
16828.125000	-76.857521
16875.000000	-75.915092
16921.875000	-75.693138
16968.750000	-77.147583
17015.625000	-75.784546
17062.500000	-76.509567
17109.375000	-76.804344
17156.250000	-75.590485
17203.125000	-77.179924
17250.000000	-76.428291
17296.875000	-75.926132
17343.750000	-77.194717
17390.625000	-75.920662
17437.500000	-76.384712
17484.375000	-77.201309
17531.250000	-75.783974
17578.125000	-77.030823
17625.000000	-76.939980
17671.875000	-75.621460
17718.750000	-77.178665
17765.625000	-76.274559
17812.500000	-75.736259
17859.375000	-77.340240
17906.250000	-76.206444
17953.125000	-76.221321
18000.000000	-77.413010
18046.875000	-76.057243
18093.750000	-76.579369
18140.625000	-77.259254
18187.500000	-75.780830
18234.375000	-76.808235
18281.250000	-76.918823
18328.125000	-75.673210
18375.000000	-77.144600
18421.875000	-77.088036
18468.750000	-76.002159
18515.625000	-77.353485
18562.500000	-77.050636
18609.375000	-76.128922
18656.250000	-77.275467
18703.125000	-76.689720
18750.000000	-75.933998
18796.875000	-77.362404
18843.750000	-76.615143
18890.625000	-75.949692
18937.500000	-77.539452
18984.375000	-76.845535
19031.250000	-76.154533
19078.125000	-77.529762
19125.000000	-76.734703
19171.875000	-76.227875
19218.750000	-77.683434
19265.625000	-76.721664
19312.500000	-76.083992
19359.375000	-77.416916
19406.250000	-76.716263
19453.125000	-76.072708
19500.000000	-77.881035
19546.875000	-77.375992
19593.750000	-76.334579
19640.625000	-77.671417
19687.500000	-77.410965
19734.375000	-76.294037
19781.250000	-77.534836
19828.125000	-77.489838
19875.000000	-75.951424
19921.875000	-77.173500
19968.750000	-78.681335
20015.625000	-79.052124
20062.500000	-79.710968
20109.375000	-80.529472
20156.250000	-79.851166
20203.125000	-79.826813
20250.000000	-80.522217
20296.875000	-79.867165
20343.750000	-79.604271
20390.625000	-80.281631
20437.500000	-80.026215
20484.375000	-79.485268
20531.250000	-80.250404
20578.125000	-80.319992
20625.000000	-79.713074
20671.875000	-80.304840
20718.750000	-80.431374
20765.625000	-79.704811
20812.500000	-79.784958
20859.375000	-80.559105
20906.250000	-80.108803
20953.125000	-79.739365
21000.000000	-80.547501
21046.875000	-80.164246
21093.750000	-79.557503
21140.625000	-80.378098
21187.500000	-80.206078
21234.375000	-79.709511
21281.250000	-79.826866
21328.125000	-79.921356
21375.000000	-79.807991
21421.875000	-79.976204
21468.750000	-80.666069
21515.625000	-80.617317
21562.500000	-79.784431
21609.375000	-80.480232
21656.250000	-80.980553
21703.125000	-79.912140
21750.000000	-79.845467
21796.875000	-80.368736
21843.750000	-80.107704
21890.625000	-79.681175
21937.500000	-80.344803
21984.375000	-80.738853
22031.250000	-79.646912
22078.125000	-79.799232
22125.000000	-80.545006
22171.875000	-79.807121
22218.750000	-79.504684
22265.625000	-79.998657
22312.500000	-80.157372
22359.375000	-79.628708
22406.250000	-79.969208
22453.125000	-80.529572
22500.000000	-79.666855
22546.875000	-79.488693
22593.750000	-80.061134
22640.625000	-80.153687
22687.500000	-79.628868
22734.375000	-79.711273
22781.250000	-80.213585
22828.125000	-79.745705
22875.000000	-79.073563
22921.875000	-79.547073
22968.750000	-79.638351
23015.625000	-78.736664
23062.500000	-77.885246
23109.375000	-77.407860
23156.250000	-77.058479
23203.125000	-74.458061
23250.000000	-74.917000
23296.875000	-75.570389
23343.750000	-75.207924
23390.625000	-77.119453
23437.500000	-77.412964
23484.375000	-78.468315
23531.250000	-77.536751
23578.125000	-77.748016
23625.000000	-78.924316
23671.875000	-77.287094
23718.750000	-78.460564
23765.625000	-78.330452
23812.500000	-78.606377
23859.375000	-79.859962
23906.250000	-78.689430
23953.125000	-79.032715
